0220:0320,0304,0313,0210,0210,0336,0333,0331,0337,0204,0336,0330,0332,0337,0211,0211,
0221:0320,0304,0313,0330,0220,
0222:0320,0313,0304,0336,0334,0336,0336,0362,0203,0335,0337,0337,0203,0203,0335,0336,0203,0335,0337,0203,0203,0335,0336,0336,0203,0363,0335,0337,0337,0330,0330,0337,
0223:0304,0320,0313,0334,0336,0336,0336,0362,0203,0335,0337,0337,0203,0336,0203,0334,0336,0203,0335,0310,0350,0335,0337,0203,0203,0335,0335,0203,0203,0335,0335,0335,0336,0203,0313,0304,0334,0337,0337,0203,0336,0203,0335,0336,0203,0363,0335,0337,0337,0337,0330,
0224:0304,0313,0320,0336,0336,0336,0333,0337,0350,0334,0334,0362,0203,0331,0335,0345,0333,0334,0334,0334,0203,0363,0335,0335,0335,0335,0336,0330,0335,0335,0304,0337,0337,0337,
0225:0313,0304,0320,0336,0336,0336,0332,0337,0335,0362,0203,0331,0350,0334,0346,0332,0335,0335,0335,0203,0363,0334,0334,0334,0334,0304,0336,0330,0334,0337,0337,0337,
0226:0321,0341,0320,
01220:0333,0200,0336,0332,0330,0220,0333,0331,0337,
01221:0333,0200,0336,0332,0336,0330,0337,0220,0221,0333,0331,0331,0336,0330,0337,0337,
01222:0333,0200,0336,0332,0337,0222,0336,0333,0337,0331,
01223:0333,0200,0336,0332,0337,0223,0336,0333,0337,0331,
01224:0333,0200,0336,0332,0336,0332,0337,0222,0224,0223,0334,0336,0333,0331,0331,0336,0336,0332,0331,0337,0337,0337,0337,
01225:0333,0200,0336,0336,0333,0337,0332,0222,0225,0223,0335,0331,0333,0336,0333,0336,0336,0333,0331,0337,0337,0337,0337,
01226:0333,0200,0336,0330,0332,0226,0333,0331,0337,
01230:0333,0200,0336,0330,0332,0230,0331,0304,0333,0337,
01231:0333,0200,0332,0336,0330,0231,0335,0331,0334,0331,0331,0304,0337,0333,
01232:0333,0200,0332,0336,0336,0232,0335,0331,0334,0331,0335,0331,0334,0331,0335,0331,0334,0331,0304,0337,0337,0333,
01233:0333,0200,0336,0332,0337,0233,0304,0336,0333,0337,
