0220:0336,0336,0336,0336,0336,0362,0203,0337,0203,0306,0334,0337,0203,0335,0335,0203,0203,0334,0334,0203,0203,0335,0335,0203,0203,0334,0334,0203,0203,0335,0335,0203,0203,0334,0334,0203,0335,0203,0336,0336,0203,0364,0304,0337,0337,0337,0337,0337,
0221:0336,0314,0336,0313,0337,0362,0245,0245,0245,0245,0364,0337,0314,0337,0313,0336,
0222:0336,0336,0201,0336,0201,0334,0337,0342,0335,0335,0342,0332,0342,0335,0335,0342,0335,0336,0201,0337,0201,0335,0335,0337,0337,0335,0335,
0223:0336,0336,0336,0331,0342,0304,0313,0335,0362,0203,0350,0335,0335,0335,0310,0337,0203,0335,0335,0203,0335,0335,0335,0336,0203,0364,0334,0334,0304,0313,0330,0337,0337,0337,
0224:0336,0336,0336,0201,0330,0330,0337,0341,0330,0341,0330,0336,0201,0337,0337,0337,
0225:0335,0220,0335,0222,0335,0335,0223,0330,0340,0335,0336,0201,0334,0337,
0226:0336,0336,0201,0337,0304,0313,0336,0330,0337,0336,0341,0332,0336,0350,0335,0342,0335,0335,0342,0335,0335,0342,0335,0335,0342,0335,0304,0337,0337,0333,0336,0336,0350,0335,0342,0335,0335,0342,0335,0335,0342,0335,0335,0342,0335,0304,0337,0332,0330,0337,0336,0201,0337,0337,
0227:0334,0336,0331,0337,0342,0335,0221,0331,0332,0222,0335,0201,0334,0336,0332,0337,
0230:0336,0336,0201,0333,0337,0200,0336,0330,0334,0337,0342,0336,0333,0330,0335,0201,0337,0337,
0231:0313,0304,0201,0336,0331,0350,0335,0336,0331,0337,0342,0336,0330,0334,0334,0331,0337,0342,0336,0330,0335,0337,0330,0304,0337,
0232:0342,0336,0330,0336,0336,0330,0337,0337,0335,0336,0331,0337,0342,0336,0330,0350,0335,0310,0337,0362,0203,0335,0335,0335,0337,0203,0335,0335,0335,0336,0203,0363,0334,0337,0330,0304,0313,0336,0336,0331,0337,0337,0337,
0233:0336,0336,0201,0340,0337,0337,0227,0336,0336,0340,0201,0337,0337,
0234:0336,0333,0337,0200,0336,0330,0332,0335,0335,0210,0210,0210,0343,0335,0335,0350,0334,0350,0334,0343,0335,0335,0335,0335,0335,0351,0343,0334,0330,0335,0336,0330,0335,0335,0335,0335,0362,0203,0334,0334,0203,0364,0331,0335,0304,0335,0335,0331,0331,0337,0211,0211,0211,0330,0337,
0235:0304,0313,0336,0334,0336,0362,0203,0335,0337,0337,0203,0336,0203,0335,0203,0335,0203,0203,0203,0335,0336,0203,0364,0335,0337,0337,0362,0203,0336,0203,0364,0331,0331,0331,0336,0333,0350,0334,0343,0335,0330,0330,0330,0330,0330,0330,0334,0334,0334,0343,0335,0330,0335,0335,0304,0337,0337,
0236:0336,0336,0336,0333,0337,0337,0332,0362,0203,0336,0203,0335,0203,0203,0203,0203,0203,0335,0203,0203,0203,0335,0203,0203,0203,0203,0203,0354,0335,0333,0333,0336,0332,0337,0201,0340,0337,0222,0331,0335,0336,0336,0201,0337,0337,0221,0336,0201,0334,0330,0330,0332,0332,0332,0332,0336,0333,0337,0337,0337,
0237:0334,0304,0313,0336,0331,0337,0306,0362,0203,0335,0335,0203,0335,0335,0203,0354,0335,0335,0336,0330,0304,0312,0337,0333,0336,0313,0337,0335,
0243:0335,0336,0336,0333,0337,0337,0334,0336,0201,0335,0201,0201,0335,0201,0335,0201,0201,0335,0336,0330,0333,0336,0330,0332,0337,0335,0337,0336,0201,0366,0333,0330,0330,0334,0350,0334,0367,0335,0304,0336,0333,0331,0337,0330,0337,0337,0335,0334,
0244:0336,0336,0201,0335,0337,0201,0201,0335,0201,0335,0201,0201,0335,0336,0342,0336,0330,0333,0350,0335,0337,0366,0333,0334,0330,0334,0334,0336,0331,0367,0304,0335,0335,0366,0333,0333,0334,0333,0333,0333,0350,0334,0337,0367,0335,0304,0336,0333,0330,0337,0337,0337,
0245:0336,0360,0330,0333,0333,0336,0331,0337,0361,0335,0335,0360,0331,0333,0333,0361,0335,0335,0337,
0246:0336,0336,0201,0330,0341,0330,0201,0331,0331,0336,0336,0211,0211,0211,0332,0343,0335,0335,0332,0332,0343,0335,0335,0332,0210,0210,0210,0337,0337,0330,0330,0337,0337,
0247:0336,0336,0336,0201,0334,0331,0337,0362,0203,0335,0203,0203,0203,0335,0203,0335,0203,0203,0203,0354,0335,0333,0336,0333,0337,0331,0337,0336,0336,0330,0337,0337,0220,0335,0336,0333,0330,0336,0330,0201,0337,0337,0337,
01220:0333,0200,0336,0332,0337,0220,0336,0333,0337,0331,
01221:0333,0200,0336,0332,0337,0221,0336,0333,0337,0331,
01223:0333,0200,0336,0332,0337,0330,0336,0331,0337,0223,0336,0333,0331,0337,
01224:0333,0200,0336,0332,0337,0224,0336,0333,0337,0331,
01225:0333,0200,0336,0332,0337,0336,0330,0332,0336,0330,0337,0225,0336,0333,0331,0331,0331,0337,0337,
01226:0333,0200,0336,0332,0337,0226,0336,0333,0337,0331,
01227:0333,0200,0336,0332,0336,0330,0337,0227,0336,0333,0337,0331,0336,0333,0331,0337,0337,
01230:0333,0200,0336,0332,0337,0230,0336,0333,0337,0331,
01231:0333,0200,0336,0332,0337,0231,0336,0333,0337,0331,
01232:0333,0200,0332,0336,0333,0337,0232,0336,0333,0337,0331,
01233:0333,0200,0336,0332,0337,0336,0233,0333,0331,0336,0331,0337,0337,
01234:0333,0200,0336,0330,0332,0336,0331,0333,0332,0337,0234,0333,0331,0336,0331,0337,0337,
01235:0333,0200,0336,0332,0235,0333,0331,0336,0331,0337,0337,
01236:0333,0200,0336,0330,0332,0236,0333,0331,0331,0336,0336,0330,0337,0337,0337,
01237:0304,0313,0333,0200,0336,0332,0336,0330,0337,0237,0336,0306,0350,0335,0335,0335,0335,0335,0337,0330,0335,0335,0335,0335,0336,0330,0335,0335,0335,0304,0313,0331,0337,0333,0337,
01240:0240,0333,0333,
01241:0241,0333,0333,
01242:0242,0333,0333,
01243:0333,0200,0332,0336,0330,0337,0243,0336,0331,0337,
01244:0333,0200,0332,0336,0330,0337,0244,0336,0331,0337,
01245:0333,0200,0332,0245,0333,0331,0336,0336,0330,0337,0337,
01246:0333,0200,0330,0332,0336,0331,0336,0332,0337,0333,0331,0336,0333,0337,0337,0246,0336,0333,0331,0331,0337,
01247:0333,0200,0336,0332,0337,0247,0336,0333,0331,0331,0337,
