0220:0321,0332,0362,0203,0336,0333,0350,0334,0345,0335,0330,0335,0335,0203,0203,0334,0334,0331,0335,0345,0335,0330,0335,0335,0203,0203,0335,0333,0334,0334,0345,0335,0330,0335,0335,0203,0203,0335,0333,0334,0334,0345,0333,0364,0335,0337,0331,0304,0335,
0221:0321,0336,0333,0337,0200,0336,0330,0332,0200,0336,0200,0331,0331,0337,0337,
0222:0336,0336,0336,0347,0321,0337,0330,0306,0350,0334,0366,0335,0337,0330,0336,0330,0334,0334,0334,0334,0334,0334,0334,0367,0335,0330,0330,0330,0330,0334,0334,0334,0334,0330,0334,0366,0335,0330,0330,0330,0335,0335,0335,0335,0335,0367,0335,0330,0330,0330,0330,0334,0334,0334,0334,0330,0334,0366,0335,0330,0330,0330,0335,0335,0335,0335,0335,0367,0335,0330,0330,0330,0330,0334,0334,0334,0334,0330,0334,0366,0335,0330,0330,0330,0334,0334,0334,0334,0334,0334,0334,0367,0335,0330,0330,0330,0330,0334,0334,0334,0334,0330,0334,0366,0335,0330,0330,0330,0334,0334,0334,0334,0334,0334,0334,0367,0335,0330,0330,0330,0330,0334,0334,0334,0334,0330,0334,0366,0335,0330,0330,0330,0334,0335,0335,0335,0335,0335,0335,0367,0335,0330,0330,0330,0330,0334,0334,0334,0334,0304,0337,0337,
0223:0336,0333,0334,0337,0321,0306,0362,0203,0335,0335,0203,0335,0335,0203,0354,0335,0335,0320,0336,0330,0335,0335,0362,0203,0334,0334,0203,0334,0334,0203,0354,0335,0335,0304,0335,0337,
0224:0334,0336,0336,0362,0203,0335,0203,0203,0334,0203,0335,0350,0335,0310,0337,0203,0203,0335,0335,0203,0203,0335,0335,0335,0336,0203,0334,0334,0203,0203,0335,0335,0203,0363,0304,0335,0313,0337,0337,
0225:0334,0336,0350,0310,0362,0203,0335,0335,0335,0337,0203,0335,0335,0203,0335,0335,0335,0336,0203,0363,0313,0304,0335,0337,
0226:0320,0336,0350,0310,0362,0203,0335,0335,0203,0335,0335,0335,0337,0203,0363,0324,0334,0334,0334,0336,0362,0203,0334,0337,0203,0334,0334,0334,0336,0203,0334,0337,0203,0363,0335,0336,0331,0320,0335,0335,0335,0337,0362,0203,0335,0335,0335,0336,0203,0335,0335,0203,0363,0331,0335,0335,0313,0337,0304,
0227:0220,0336,0332,0336,0336,0332,0332,0331,0337,0337,0226,0226,0226,0330,0330,0332,0332,0332,0226,0226,0226,0331,0332,0332,0332,0335,0336,0332,0336,0333,0337,0337,0225,0336,0336,0330,0337,0337,0330,0225,0330,0336,0336,0330,0337,0337,0225,0334,0331,0332,0337,
0230:0220,0211,0211,0211,0223,0210,0210,0210,
0231:0220,0336,0336,0336,0330,0332,0332,0330,0337,0337,0333,0337,0200,0336,0330,0335,0224,0335,0333,0330,0224,0335,0335,0336,0333,0331,0337,0337,
0232:0321,0336,0336,0330,0331,0337,0362,0203,0336,0203,0364,0331,0331,0331,0330,0330,0366,0331,0331,0335,0335,0331,0331,0331,0333,0367,0335,0335,0333,0331,0366,0330,0335,0335,0332,0367,0335,0335,0331,0331,0332,0366,0330,0330,0333,0336,0333,0335,0335,0337,0367,0335,0335,0331,0331,0332,0332,0336,0333,0337,0366,0330,0330,0332,0336,0332,0335,0335,0337,0367,0335,0335,0333,0331,0331,0336,0333,0337,0331,0366,0335,0335,0331,0331,0332,0336,0332,0337,0367,0335,0335,0331,0331,0332,0332,0336,0333,0337,0366,0330,0330,0332,0332,0336,0333,0335,0335,0337,0367,0335,0335,0333,0333,0336,0332,0337,0331,0336,0337,0331,0337,0320,0337,
0233:0321,0304,0313,0332,0362,0203,0335,0203,0203,0335,0203,0335,0203,0203,0354,0335,0333,0336,0330,0210,0341,0336,0341,0337,0211,0332,0336,0330,0332,0336,0341,0337,0333,0333,0333,0330,0332,0332,0350,0335,0310,0337,0362,0203,0335,0336,0203,0203,0335,0337,0203,0364,0334,0334,0334,0336,0313,0304,0337,0332,0331,0331,0337,0320,
0234:0320,0336,0331,0336,0330,0330,0304,0350,0334,0304,0313,0337,0350,0334,0310,0336,0362,0203,0335,0335,0335,0336,0203,0335,0335,0203,0363,0334,0334,0334,0337,0362,0203,0335,0335,0335,0336,0203,0335,0335,0203,0363,0334,0334,0334,0337,0362,0203,0335,0335,0335,0336,0203,0335,0335,0203,0363,0334,0334,0362,0203,0334,0334,0203,0334,0334,0334,0337,0203,0363,0330,0335,0335,0336,0333,0335,0335,0335,0335,0337,0313,0304,0305,0311,0335,0337,0362,0203,0334,0334,0350,0350,0334,0203,0363,0331,0335,0342,0334,0334,0330,0335,0335,0335,0335,0335,0335,0336,0313,0304,0334,0305,0311,0334,0337,0201,0335,0335,0362,0203,0335,0350,0335,0336,0304,0313,0350,0334,0310,0336,0203,0363,0334,0334,0362,0203,0334,0334,0334,0310,0337,0311,0305,0335,0337,0203,0363,0334,0334,0342,0350,0334,0330,0335,0335,0335,0336,0310,0304,0350,0336,0334,0330,0334,0334,0362,0203,0334,0334,0334,0337,0311,0305,0335,0337,0203,0363,0334,0334,0342,0350,0330,0334,0334,0334,0336,0310,0304,0350,0336,0333,0337,0337,0304,0313,0337,
0235:0336,0336,0331,0333,0337,0321,0200,0336,0336,0331,0337,0362,0203,0203,0203,0364,0335,0335,0332,0362,0203,0203,0203,0364,0335,0335,0332,0332,0332,0362,0203,0203,0203,0364,0335,0335,0333,0362,0203,0203,0203,0364,0334,0336,0331,0337,0337,0342,0332,0336,0332,0337,0342,0330,0330,0336,0331,0337,0342,0333,0333,0336,0332,0337,0342,0334,0330,0336,0333,0330,0342,0335,0335,0330,0330,0330,0342,0333,0333,0333,0342,0331,0331,0331,0335,0335,0342,0333,0331,0331,0336,0330,0333,0337,0337,0337,0320,
0236:0321,0336,0336,0362,0203,0203,0203,0334,0203,0203,0334,0203,0203,0203,0334,0203,0203,0354,0334,0330,0330,0330,0332,0336,0333,0337,0336,0362,0203,0334,0203,0203,0203,0203,0334,0203,0203,0203,0203,0203,0203,0334,0203,0364,0335,0335,0330,0333,0362,0203,0335,0203,0203,0203,0203,0203,0203,0335,0203,0203,0203,0203,0335,0203,0364,0335,0335,0333,0333,0331,0337,0337,0331,0336,0331,0337,0337,0320,
0237:0321,0200,0336,0330,0336,0330,0334,0362,0203,0203,0203,0334,0203,0203,0203,0364,0335,0335,0330,0335,0362,0203,0203,0334,0203,0203,0364,0331,0332,0200,0333,0333,0331,0331,0337,0337,
0241:0220,0336,0330,0337,0235,
0242:0220,0336,0333,0336,0333,0331,0332,0337,0337,0211,0211,0211,0236,0210,0210,0210,0336,0332,0336,0330,0337,0337,
0243:0220,0330,0336,0333,0331,0336,0331,0333,0337,0336,0330,0332,0337,0234,0336,0336,0332,0337,0337,0336,0333,0331,0337,0336,0332,0330,0337,0332,0332,0332,0333,0336,0331,0333,0337,0237,0335,0336,0332,0336,0330,0337,0224,0334,0331,0331,0333,0336,0337,0337,0337,0320,
0245:0330,0322,0335,0336,0362,0203,0335,0337,0350,0350,0350,0350,0335,0203,0335,0335,0335,0335,0335,0335,0335,0335,0335,0335,0335,0335,0335,0335,0335,0336,0203,0364,0331,0335,0335,0335,0335,0335,0335,0335,0335,0335,0335,0335,0335,0335,0335,0335,0335,0335,0337,0330,0334,0304,0335,0336,0331,0335,0335,0362,0203,0334,0337,0350,0350,0350,0350,0334,0203,0334,0334,0334,0334,0334,0334,0334,0334,0334,0334,0334,0334,0334,0334,0334,0336,0203,0364,0331,0334,0334,0334,0334,0334,0334,0334,0334,0334,0334,0334,0334,0334,0337,0334,0334,0334,0334,0330,0335,0304,0336,0333,0336,0332,0336,0333,0337,0362,0203,0335,0203,0335,0203,0364,0335,0335,0331,0337,0331,0332,0336,0336,0333,0337,0337,0350,0350,0350,0350,0334,0342,0335,0304,0333,0350,0350,0350,0350,0335,0342,0334,0304,0336,0332,0337,0342,0330,0331,0337,0332,0336,0337,041,0365,0333,0333,0336,0332,0337,041,0336,0336,0336,0333,0337,0337,0337,0365,0332,0336,0333,0336,0332,0336,0333,0337,0337,0337,0337,0210,0210,0210,0210,0210,0220,0211,0211,0211,0211,0336,
0246:0211,0211,0211,0336,0336,0224,0321,0334,0330,0336,0333,0331,0336,0330,0337,0337,0362,0203,0335,0203,0203,0203,0335,0203,0336,0203,0337,0203,0203,0335,0203,0203,0203,0335,0203,0364,0333,0335,0331,0331,0336,0332,0330,0336,0332,0337,0330,0337,0337,0337,0210,0210,0210,0220,
0247:0211,0321,0334,0336,0362,0203,0336,0334,0203,0203,0203,0203,0334,0203,0203,0203,0334,0203,0203,0203,0350,0334,0310,0337,0203,0354,0335,0336,0331,0320,0362,0203,0335,0335,0335,0337,0203,0335,0335,0335,0336,0203,0363,0335,0335,0330,0313,0304,0336,0332,0336,0330,0337,0337,0337,0337,0331,0210,0220,
0250:0341,
01220:0333,0200,0336,0332,0336,0336,0330,0330,0330,0337,0337,0210,0210,0210,0220,0211,0211,0211,0333,0336,0331,0336,0331,0337,0337,0337,0320,
01221:0333,0200,0336,0330,0332,0336,0331,0337,0221,0333,0336,0331,0337,0337,0320,
01222:0333,0200,0336,0332,0330,0222,0333,0331,0337,0320,
01223:0333,0200,0336,0332,0336,0330,0337,0337,0210,0210,0223,0211,0211,0336,0336,0331,0337,0333,0337,
01224:0333,0200,0336,0332,0330,0336,0331,0337,0224,0333,0336,0331,0337,0337,
01225:0333,0200,0336,0332,0330,0225,0333,0331,0337,
01226:0333,0200,0336,0330,0332,0332,0226,0226,0331,0337,
01227:0333,0200,0336,0336,0330,0337,0332,0210,0227,0211,0331,0333,0337,0336,0336,0330,0337,0337,
01230:0333,0200,0336,0330,0332,0336,0331,0337,0210,0210,0230,0211,0211,0331,0304,0333,0337,0336,0336,0330,0337,0337,
01231:0333,0200,0332,0336,0330,0336,0331,0337,0333,0210,0210,0231,0211,0211,0333,0331,0336,0330,0337,0337,0320,
01232:0333,0200,0336,0332,0330,0332,0333,0336,0331,0337,0210,0232,0211,0333,0336,0331,0337,0337,
